0.000000000000000000e+00
0.000000000000000000e+00
0.000000000000000000e+00
0.000000000000000000e+00
0.000000000000000000e+00
0.000000000000000000e+00
0.000000000000000000e+00
0.000000000000000000e+00
0.000000000000000000e+00
0.000000000000000000e+00
1.023896015660897066e-02
2.050873694802698988e-02
3.080998903516909970e-02
4.114296226385627531e-02
5.150783271084289489e-02
6.190470372916024450e-02
7.232851709028663423e-02
8.277899827049874093e-02
9.325552489821378743e-02
1.037580321853614762e-01
1.142865111897621161e-01
1.248369299708255720e-01
1.354092617790631226e-01
1.460033438874602241e-01
1.566189834742143239e-01
1.672559577304669753e-01
1.779113109309073959e-01
1.885848495548716197e-01
1.992763592075924017e-01
2.099856062150806946e-01
2.207123736134984360e-01
2.314542873169582737e-01
2.422111689689539771e-01
2.529827901678467494e-01
2.637689079927056923e-01
2.745691291153439795e-01
2.853814086479688483e-01
2.962055601654294268e-01
3.070413873697235840e-01
3.178886844653641131e-01
3.287472365350483927e-01
3.396156521597052391e-01
3.504937523088683116e-01
3.613813489121713851e-01
3.722782471586368880e-01
3.831842466151146320e-01
3.940982536152274895e-01
4.050201007314548352e-01
4.159496149419866784e-01
4.268866176812394220e-01
4.378309260929526547e-01
4.487816833622774726e-01
4.597387375378840790e-01
4.707019337116657987e-01
4.816711138396984060e-01
4.926461163477491301e-01
5.036262715806151258e-01
5.146114137182403736e-01
5.256013055827041258e-01
5.365958133785175832e-01
5.475948098268572650e-01
5.585977838944172769e-01
5.696046292925528443e-01
5.806152389170414763e-01
5.916295046373180044e-01
6.026473176262800990e-01
6.136682808031971303e-01
6.246923027998507738e-01
6.357192917542904276e-01
6.467491556736304492e-01
6.577818022674648546e-01
6.688169238296148844e-01
6.798544434485489507e-01
6.908942839471325925e-01
7.019363681099833885e-01
7.129806189099625602e-01
7.240267994808978758e-01
7.350748454545512622e-01
7.461254623339834691e-01
7.571790052505417146e-01
7.682353758699906887e-01
7.792942414089237824e-01
7.903551830020103530e-01
8.014181068748127412e-01
8.124822929808427352e-01
8.235456554680405938e-01
8.346057657755956427e-01
8.456598685617621181e-01
8.567048376349631900e-01
8.677373469726225030e-01
8.787533784969671080e-01
8.896602050790527461e-01
9.003881481527576947e-01
9.108885155989394633e-01
9.211561734418638459e-01
9.311956087424776429e-01
9.410100165642127923e-01
9.506009470903071801e-01
9.599695694754584174e-01
9.691170111171478752e-01
9.780445112346901615e-01
9.844735275428353471e-01
9.890788902129374893e-01
9.924106426727828945e-01
9.948223692173469024e-01
9.965453290023726929e-01
9.977422813642259358e-01
9.985553856842582787e-01
9.990939027501754000e-01
9.994420518391469166e-01
9.996636268112288892e-01
9.998033297285457976e-01
9.998908483944159986e-01
9.999453880383936122e-01
9.999791966381843533e-01
1.000000000000000000e+00
