5.899999999999996803e+00
5.984927102370838803e+00
6.069644592443270703e+00
6.154150888906741557e+00
6.238446046191754135e+00
6.322530900098104034e+00
6.406406546079693953e+00
6.490043749605571399e+00
6.573490510590988656e+00
6.656766309346243027e+00
6.739875080903050986e+00
6.822819779594553324e+00
6.905601890846225999e+00
6.988193613451916697e+00
7.070638136738193857e+00
7.152948136129322343e+00
7.235125015697161821e+00
7.317170355626381628e+00
7.399083952097415207e+00
7.480835091098187561e+00
7.562476443742078835e+00
7.644009628734737660e+00
7.725436054959013532e+00
7.806757158480895242e+00
7.887954764324076606e+00
7.969039421269045853e+00
8.050033756150064335e+00
8.130941321903222274e+00
8.211763242293930176e+00
8.292490664966450709e+00
8.373119681961627592e+00
8.453668432643917541e+00
8.534143960473207002e+00
8.614551838900437630e+00
8.694887486086141593e+00
8.775142079769405967e+00
8.855332594269560431e+00
8.935460031362440603e+00
9.015527066059354055e+00
9.095535527956831956e+00
9.175476734762794351e+00
9.255365633401002157e+00
9.335203067014221645e+00
9.414989880809605083e+00
9.494722620652611411e+00
9.574400733029460042e+00
9.654036156356758269e+00
9.733629595713546578e+00
9.813181759575348551e+00
9.892688479846199812e+00
9.972147007534619689e+00
1.005157026713056467e+01
1.013095932197497717e+01
1.021031476278979255e+01
1.028963152439904327e+01
1.036891067304321190e+01
1.044815860311241629e+01
1.052737718640164921e+01
1.060656845853516828e+01
1.068572676222365203e+01
1.076485702320318261e+01
1.084396265040468421e+01
1.092304411512444240e+01
1.100210195105652389e+01
1.108113196712781878e+01
1.116014082301046351e+01
1.123912966068766295e+01
1.131809886183751779e+01
1.139704785757406391e+01
1.147597238554570787e+01
1.155488027181052857e+01
1.163377191687168732e+01
1.171264763869491610e+01
1.179150554097305204e+01
1.187034510282277822e+01
1.194917004567949093e+01
1.202798123185624490e+01
1.210677954456726901e+01
1.218556221018533314e+01
1.226433134873180286e+01
1.234308869499396799e+01
1.242183450938088818e+01
1.250056905959938192e+01
1.257928995428394892e+01
1.265800105415089760e+01
1.273670011703693028e+01
1.281538533513981015e+01
1.289405379682268737e+01
1.297270365955047566e+01
1.305134041632279995e+01
1.312996538961311010e+01
1.320857969226749162e+01
1.328718144596201789e+01
1.336577569492554751e+01
1.344437178455158310e+01
1.352297717638457186e+01
1.360159979442451395e+01
1.368026427169710679e+01
1.375897748050302916e+01
1.383774959490139267e+01
1.391659282124092378e+01
1.399552916192492091e+01
1.407521109078266086e+01
1.415585384628553811e+01
1.423770989876773463e+01
1.432098786982283123e+01
1.440580667114693014e+01
1.449242162421487023e+01
1.458084874996283631e+01
1.467106787369339038e+01
1.476319810743475536e+01
1.485736928459832207e+01
1.495372200837820031e+01
1.570993511273274024e+01
1.766795406920860501e+01
3.000000000000000000e+01
