5.000000000000000000e+00
6.099999999999996092e+00
6.399999999999995026e+00
6.599999999999994316e+00
6.699999999999993960e+00
6.899999999999993250e+00
6.999999999999992895e+00
7.199999999999992184e+00
7.299999999999991829e+00
7.399999999999991473e+00
7.499999999999991118e+00
7.599999999999990763e+00
7.699999999999990408e+00
7.699999999999990408e+00
7.799999999999990052e+00
7.899999999999989697e+00
7.999999999999989342e+00
7.999999999999989342e+00
8.099999999999988987e+00
8.199999999999988631e+00
8.199999999999988631e+00
8.299999999999988276e+00
8.399999999999987921e+00
8.399999999999987921e+00
8.499999999999987566e+00
8.499999999999987566e+00
8.599999999999987210e+00
8.699999999999986855e+00
8.699999999999986855e+00
8.799999999999986500e+00
8.799999999999986500e+00
8.899999999999986144e+00
8.899999999999986144e+00
8.999999999999985789e+00
8.999999999999985789e+00
9.099999999999985434e+00
9.099999999999985434e+00
9.099999999999985434e+00
9.199999999999985079e+00
9.199999999999985079e+00
9.299999999999984723e+00
9.299999999999984723e+00
9.399999999999984368e+00
9.399999999999984368e+00
9.399999999999984368e+00
9.499999999999984013e+00
9.499999999999984013e+00
9.599999999999983658e+00
9.599999999999983658e+00
9.599999999999983658e+00
9.699999999999983302e+00
9.699999999999983302e+00
9.799999999999982947e+00
9.799999999999982947e+00
9.799999999999982947e+00
9.899999999999982592e+00
9.899999999999982592e+00
9.899999999999982592e+00
9.999999999999982236e+00
9.999999999999982236e+00
1.009999999999998188e+01
1.009999999999998188e+01
1.009999999999998188e+01
1.019999999999998153e+01
1.019999999999998153e+01
1.019999999999998153e+01
1.029999999999998117e+01
1.029999999999998117e+01
1.029999999999998117e+01
1.039999999999998082e+01
1.039999999999998082e+01
1.039999999999998082e+01
1.049999999999998046e+01
1.049999999999998046e+01
1.049999999999998046e+01
1.059999999999998010e+01
1.059999999999998010e+01
1.059999999999998010e+01
1.069999999999997975e+01
1.069999999999997975e+01
1.069999999999997975e+01
1.079999999999997939e+01
1.079999999999997939e+01
1.079999999999997939e+01
1.089999999999997904e+01
1.089999999999997904e+01
1.089999999999997904e+01
1.099999999999997868e+01
1.099999999999997868e+01
1.099999999999997868e+01
1.109999999999997833e+01
1.109999999999997833e+01
1.109999999999997833e+01
1.119999999999997797e+01
1.119999999999997797e+01
1.119999999999997797e+01
1.129999999999997762e+01
1.129999999999997762e+01
1.129999999999997762e+01
1.139999999999997726e+01
1.139999999999997726e+01
1.139999999999997726e+01
1.149999999999997691e+01
1.149999999999997691e+01
1.149999999999997691e+01
1.159999999999997655e+01
1.159999999999997655e+01
1.159999999999997655e+01
1.169999999999997620e+01
1.169999999999997620e+01
1.169999999999997620e+01
1.179999999999997584e+01
1.179999999999997584e+01
1.179999999999997584e+01
1.189999999999997549e+01
1.189999999999997549e+01
1.189999999999997549e+01
1.199999999999997513e+01
1.199999999999997513e+01
1.199999999999997513e+01
1.199999999999997513e+01
1.209999999999997478e+01
1.209999999999997478e+01
1.209999999999997478e+01
1.219999999999997442e+01
1.219999999999997442e+01
1.219999999999997442e+01
1.229999999999997407e+01
1.229999999999997407e+01
1.229999999999997407e+01
1.239999999999997371e+01
1.239999999999997371e+01
1.239999999999997371e+01
1.249999999999997335e+01
1.249999999999997335e+01
1.249999999999997335e+01
1.259999999999997300e+01
1.259999999999997300e+01
1.259999999999997300e+01
1.269999999999997264e+01
1.269999999999997264e+01
1.269999999999997264e+01
1.279999999999997229e+01
1.279999999999997229e+01
1.279999999999997229e+01
1.289999999999997193e+01
1.289999999999997193e+01
1.289999999999997193e+01
1.299999999999997158e+01
1.299999999999997158e+01
1.299999999999997158e+01
1.309999999999997122e+01
1.309999999999997122e+01
1.309999999999997122e+01
1.319999999999997087e+01
1.319999999999997087e+01
1.319999999999997087e+01
1.329999999999997051e+01
1.329999999999997051e+01
1.329999999999997051e+01
1.329999999999997051e+01
1.339999999999997016e+01
1.339999999999997016e+01
1.339999999999997016e+01
1.349999999999996980e+01
1.349999999999996980e+01
1.349999999999996980e+01
1.359999999999996945e+01
1.359999999999996945e+01
1.359999999999996945e+01
1.369999999999996909e+01
1.369999999999996909e+01
1.379999999999996874e+01
1.379999999999996874e+01
1.379999999999996874e+01
1.389999999999996838e+01
1.389999999999996838e+01
1.389999999999996838e+01
1.399999999999996803e+01
1.399999999999996803e+01
1.399999999999996803e+01
1.409999999999996767e+01
1.409999999999996767e+01
1.409999999999996767e+01
1.419999999999996732e+01
1.419999999999996732e+01
1.419999999999996732e+01
1.429999999999996696e+01
1.429999999999996696e+01
1.429999999999996696e+01
1.439999999999996660e+01
1.439999999999996660e+01
1.439999999999996660e+01
1.449999999999996625e+01
1.449999999999996625e+01
1.449999999999996625e+01
1.459999999999996589e+01
1.459999999999996589e+01
1.459999999999996589e+01
1.469999999999996554e+01
1.469999999999996554e+01
1.469999999999996554e+01
1.479999999999996518e+01
1.479999999999996518e+01
1.489999999999996483e+01
1.489999999999996483e+01
1.489999999999996483e+01
1.499999999999996447e+01
1.499999999999996447e+01
1.499999999999996447e+01
1.509999999999996412e+01
1.509999999999996412e+01
1.509999999999996412e+01
1.519999999999996376e+01
1.519999999999996376e+01
1.519999999999996376e+01
1.529999999999996341e+01
1.529999999999996341e+01
1.539999999999996305e+01
1.539999999999996305e+01
1.539999999999996305e+01
1.549999999999996270e+01
1.549999999999996270e+01
1.549999999999996270e+01
1.559999999999996234e+01
1.559999999999996234e+01
1.559999999999996234e+01
1.569999999999996199e+01
1.569999999999996199e+01
1.579999999999996163e+01
1.579999999999996163e+01
1.579999999999996163e+01
1.589999999999996128e+01
1.589999999999996128e+01
1.589999999999996128e+01
1.599999999999996092e+01
1.599999999999996092e+01
1.609999999999995879e+01
1.609999999999995879e+01
1.609999999999995879e+01
1.619999999999996021e+01
1.619999999999996021e+01
1.619999999999996021e+01
1.629999999999996163e+01
1.629999999999996163e+01
1.639999999999995950e+01
1.639999999999995950e+01
1.639999999999995950e+01
1.649999999999995737e+01
1.649999999999995737e+01
1.649999999999995737e+01
1.659999999999995879e+01
1.659999999999995879e+01
1.669999999999996021e+01
1.669999999999996021e+01
1.669999999999996021e+01
1.679999999999995808e+01
1.679999999999995808e+01
1.689999999999995595e+01
1.689999999999995595e+01
1.689999999999995595e+01
1.699999999999995737e+01
1.699999999999995737e+01
1.699999999999995737e+01
1.709999999999995879e+01
1.709999999999995879e+01
1.719999999999995666e+01
1.719999999999995666e+01
1.719999999999995666e+01
1.729999999999995453e+01
1.729999999999995453e+01
1.739999999999995595e+01
1.739999999999995595e+01
1.739999999999995595e+01
1.749999999999995737e+01
1.749999999999995737e+01
1.759999999999995524e+01
1.759999999999995524e+01
1.759999999999995524e+01
1.769999999999995310e+01
1.769999999999995310e+01
1.779999999999995453e+01
1.779999999999995453e+01
1.789999999999995595e+01
1.789999999999995595e+01
1.789999999999995595e+01
1.799999999999995381e+01
1.799999999999995381e+01
1.809999999999995168e+01
1.809999999999995168e+01
1.809999999999995168e+01
1.819999999999995310e+01
1.819999999999995310e+01
1.829999999999995453e+01
1.829999999999995453e+01
1.839999999999995239e+01
1.839999999999995239e+01
1.839999999999995239e+01
1.849999999999995026e+01
1.849999999999995026e+01
1.859999999999995168e+01
1.859999999999995168e+01
1.869999999999995310e+01
1.869999999999995310e+01
1.869999999999995310e+01
1.879999999999995097e+01
1.879999999999995097e+01
1.889999999999994884e+01
1.889999999999994884e+01
1.899999999999995026e+01
1.899999999999995026e+01
1.899999999999995026e+01
1.909999999999995168e+01
1.909999999999995168e+01
1.919999999999994955e+01
1.919999999999994955e+01
1.929999999999994742e+01
1.929999999999994742e+01
1.939999999999994884e+01
1.939999999999994884e+01
1.939999999999994884e+01
1.949999999999995026e+01
1.949999999999995026e+01
1.959999999999994813e+01
1.959999999999994813e+01
1.969999999999994600e+01
1.969999999999994600e+01
1.979999999999994742e+01
1.979999999999994742e+01
1.989999999999994884e+01
1.989999999999994884e+01
1.999999999999994671e+01
1.999999999999994671e+01
2.009999999999994458e+01
2.009999999999994458e+01
2.019999999999994600e+01
2.019999999999994600e+01
2.019999999999994600e+01
2.029999999999994742e+01
2.029999999999994742e+01
2.039999999999994529e+01
2.039999999999994529e+01
2.049999999999994316e+01
2.049999999999994316e+01
2.059999999999994458e+01
2.059999999999994458e+01
2.069999999999994600e+01
2.069999999999994600e+01
2.079999999999994387e+01
2.079999999999994387e+01
2.089999999999994174e+01
2.089999999999994174e+01
2.099999999999994316e+01
2.109999999999994458e+01
2.109999999999994458e+01
2.119999999999994245e+01
2.119999999999994245e+01
2.129999999999994031e+01
2.129999999999994031e+01
2.139999999999994174e+01
2.139999999999994174e+01
2.149999999999994316e+01
2.149999999999994316e+01
2.159999999999994102e+01
2.159999999999994102e+01
2.169999999999993889e+01
2.179999999999994031e+01
2.179999999999994031e+01
2.189999999999994174e+01
2.189999999999994174e+01
2.199999999999993960e+01
2.199999999999993960e+01
2.209999999999993747e+01
2.219999999999993889e+01
2.219999999999993889e+01
2.229999999999994031e+01
2.229999999999994031e+01
2.239999999999993818e+01
2.249999999999993605e+01
2.249999999999993605e+01
2.259999999999993747e+01
2.269999999999993889e+01
2.269999999999993889e+01
2.279999999999993676e+01
2.279999999999993676e+01
2.289999999999993463e+01
2.299999999999993605e+01
2.299999999999993605e+01
2.309999999999993747e+01
2.319999999999993534e+01
2.319999999999993534e+01
2.329999999999993321e+01
2.339999999999993463e+01
2.349999999999993605e+01
2.349999999999993605e+01
2.359999999999993392e+01
2.369999999999993179e+01
2.369999999999993179e+01
2.379999999999993321e+01
2.389999999999993463e+01
2.399999999999993250e+01
2.399999999999993250e+01
2.409999999999993037e+01
2.419999999999993179e+01
2.429999999999993321e+01
2.439999999999993108e+01
2.449999999999992895e+01
2.449999999999992895e+01
2.459999999999993037e+01
2.469999999999993179e+01
2.479999999999992966e+01
2.489999999999992752e+01
2.499999999999992895e+01
2.509999999999993037e+01
2.519999999999992824e+01
2.529999999999992610e+01
2.539999999999992752e+01
2.549999999999992895e+01
2.559999999999992681e+01
2.569999999999992468e+01
2.579999999999992610e+01
2.589999999999992752e+01
2.599999999999992539e+01
2.609999999999992326e+01
2.629999999999992610e+01
2.639999999999992397e+01
2.649999999999992184e+01
2.659999999999992326e+01
2.679999999999992255e+01
2.689999999999992042e+01
2.709999999999992326e+01
2.719999999999992113e+01
2.739999999999992042e+01
2.759999999999991971e+01
2.779999999999991900e+01
2.789999999999992042e+01
2.809999999999991616e+01
2.829999999999991900e+01
2.859999999999991616e+01
2.879999999999991545e+01
2.909999999999991616e+01
2.939999999999991331e+01
2.969999999999991047e+01
2.999999999999991118e+01
3.039999999999990976e+01
3.079999999999990834e+01
3.139999999999990621e+01
3.199999999999990408e+01
3.289999999999989910e+01
3.429999999999989768e+01
4.999999999999984368e+01
