-3.692401493394750073e-03
-3.782064544246929120e-03
-3.872341988099673327e-03
-3.963225884669391470e-03
-4.054708460571624859e-03
-4.146782102939299344e-03
-4.239439353381395555e-03
-4.332672902322458157e-03
-4.426475583537093673e-03
-4.520840369055931576e-03
-4.615760364279493724e-03
-4.713212044139890138e-03
-4.814260946500749198e-03
-4.916117424050498071e-03
-5.018780952959087105e-03
-5.122251141185810847e-03
-5.226527724475914065e-03
-5.331610562567372542e-03
-5.437499635533528733e-03
-5.544195040320772788e-03
-5.651696987354639344e-03
-5.760005797313463849e-03
-5.869121898067266967e-03
-5.979045821650094857e-03
-6.089778201426547001e-03
-6.201319769307486914e-03
-6.313671353108413903e-03
-6.426833873963128281e-03
-6.540808343868914632e-03
-6.655595863313920613e-03
-6.771197618921058134e-03
-6.887614881279569522e-03
-7.004849002762073180e-03
-7.122901415455671660e-03
-7.241773629152472268e-03
-7.361467229413813478e-03
-7.481983875634759355e-03
-7.603325299319522480e-03
-7.725493302175619539e-03
-7.848489754528974183e-03
-7.994617592018903388e-03
-8.254120577823386568e-03
-8.519598304971206029e-03
-8.791129202027011397e-03
-9.068791859267675767e-03
-9.352665024327985396e-03
-9.642827598011313728e-03
-9.939358630110538967e-03
-1.024233731523322040e-02
-1.055184298874955150e-02
-1.086795512268246000e-02
-1.119075332177378937e-02
-1.152031731940070247e-02
-1.185672697373581393e-02
-1.220006226379773476e-02
-1.255040328563150794e-02
-1.290783024845174390e-02
-1.327242347084107293e-02
-1.364426337705834484e-02
-1.402343049326482821e-02
-1.441000544385396057e-02
-1.480406894782707039e-02
-1.520570181511336598e-02
-1.561498494304395732e-02
-1.603199931275000115e-02
-1.645682598565636687e-02
-1.688954609997460679e-02
-1.733024086723039883e-02
-1.777899156880075049e-02
-1.823587955255772872e-02
-1.870098622941020888e-02
-1.917439306996903542e-02
-1.965618160125982838e-02
-2.014643340331229507e-02
-2.064523010595643859e-02
-2.115265338552816191e-02
-2.166878496162462017e-02
-2.219370659392334161e-02
-2.272750007896027005e-02
-2.327024724694580840e-02
-2.382202995866545409e-02
-2.438293010233378091e-02
-2.550535988560232586e-02
-2.677643795812035057e-02
-2.807499677294566370e-02
-2.940129601736805529e-02
-3.075559530296707866e-02
-3.213815415719452340e-02
-3.354923201502880981e-02
-3.498908821060232877e-02
-3.645798196886721604e-02
-3.795617239725468384e-02
-3.948391847731860804e-02
-4.104147905653631606e-02
-4.262911283986219046e-02
-4.424707838156777956e-02
-4.589563407689103980e-02
-4.757503815384444418e-02
-4.928554866489148062e-02
-5.102742347875713347e-02
-5.280092027218629552e-02
-5.460629652172956788e-02
-5.644380949554922422e-02
-5.831371624518179309e-02
-6.021627359740926860e-02
-6.215173814604833813e-02
-6.412036624378031346e-02
-6.612241399401956599e-02
-6.815813724275704422e-02
-7.022779157041456055e-02
-7.233163228370377562e-02
-7.446991440754902047e-02
-7.664289267692561691e-02
-7.900382507651124153e-02
-8.300927983335971982e-02
-8.708766607107727709e-02
-9.123951930690900325e-02
-9.546537414922598441e-02
-9.976576427826197579e-02
-1.041412224267469627e-01
-1.085922803605232356e-01
-1.131194688590982239e-01
-1.177233176961301336e-01
-1.224043556199656130e-01
-1.271631103339337654e-01
-1.320001084768086808e-01
-1.369158756030578183e-01
-1.419109361631680222e-01
-1.469858134837979113e-01
-1.521410297480053353e-01
-1.573771059752875068e-01
-1.626945620017688776e-01
-1.680939164600817604e-01
-1.735756867594383523e-01
-1.791403890655182130e-01
-1.847885382803058640e-01
-1.905206480219734655e-01
-1.963372306045889082e-01
-2.022387970178744498e-01
-2.082258569068783927e-01
-2.154753457206004807e-01
-2.251553485377086605e-01
-2.349856999396900403e-01
-2.449672749938897609e-01
-2.551009455952948923e-01
-2.653875804205543254e-01
-2.758280448815831898e-01
-2.864232010790987437e-01
-2.971739077559263920e-01
-3.080810202500903205e-01
-3.191453904476597714e-01
-3.303678667355471332e-01
-3.417492939538973595e-01
-3.532905133484732230e-01
-3.649923625226982882e-01
-3.768556753896200595e-01
-3.888812821235749784e-01
-4.010700091117491706e-01
-4.134226789054833429e-01
-4.259401101714347937e-01
-4.386231176425501310e-01
-4.514725120687292925e-01
-4.644891001675576225e-01
-4.776736845745433446e-01
-4.972677510306453552e-01
-5.189940013661005214e-01
-5.410183360233633554e-01
-5.633420807872951963e-01
-5.859665511642871971e-01
-6.088930522545406010e-01
-6.321228786239658781e-01
-6.556573141755616119e-01
-6.794976320201872033e-01
-7.036450943471351804e-01
-7.281009522940583567e-01
-7.528664458164640028e-01
-7.779428035568902722e-01
-8.033312427136183320e-01
-8.290329689088649090e-01
-8.550491760567636712e-01
-8.813810462308704352e-01
-9.080297495313293110e-01
-9.349964439515980885e-01
-9.622822752449868844e-01
-9.898883767907045161e-01
-1.017815869459789413e+00
-1.046065861480465875e+00
-1.074639448303464695e+00
-1.103537712466937215e+00
-1.132761723461157999e+00
-1.162312537592961492e+00
-1.192191197849927997e+00
-1.222398733764451961e+00
-1.252936161277485638e+00
-1.283804482602171282e+00
-1.315004686087315466e+00
-1.346537746080673115e+00
-1.378404622792144263e+00
-1.410606262156748558e+00
-1.443143595697667703e+00
-1.476017540389101601e+00
-1.509228998519025700e+00
-1.542778857552001393e+00
-1.576667989991813679e+00
-1.610897253244343519e+00
-1.645467489480125334e+00
-1.680379525497221360e+00
-1.715634172583927919e+00
-1.751232226381731927e+00
-1.787174466748172152e+00
-1.823461657619906751e+00
-1.860094546875965094e+00
-1.897073866200923442e+00
-1.934400330948539359e+00
-1.979039406900678255e+00
-2.028742153862415520e+00
-2.078928634829692257e+00
-2.129599550050775392e+00
-2.180755570735871451e+00
-2.232397338828218114e+00
-2.284525466776301084e+00
-2.337140537307241139e+00
-2.390243103201251884e+00
-2.443833687067584304e+00
-2.497912781121631731e+00
-2.552480846963420813e+00
-2.607538315357574188e+00
-2.663085586014768413e+00
-2.719123027374723112e+00
-2.775650976390673819e+00
-2.832669738315712227e+00
-2.890179586490712715e+00
-2.948180762134019695e+00
-3.006673474132985469e+00
-3.065657898837506945e+00
-3.125134179855246774e+00
-3.185102427849241025e+00
-3.245562720337155760e+00
-3.306515101493004316e+00
-3.367959581950899395e+00
-3.429896138611074008e+00
-3.492324714448182821e+00
-3.555245218322053979e+00
-3.618657524790739100e+00
-3.682561473926254880e+00
-3.746956871132632205e+00
-3.811843486966706163e+00
-3.877221056961650092e+00
-3.943089281453062700e+00
-4.009447825407982613e+00
-4.076296318256749984e+00
-4.143634353727707165e+00
-4.211461489684974246e+00
-4.279777247969121845e+00
-4.348581114241127921e+00
-4.417872537829397928e+00
-4.489171069413529835e+00
-4.564414859184528162e+00
-4.640186537207471318e+00
-4.716485219649121596e+00
-4.793309980152542948e+00
-4.870659849694985333e+00
-4.948533816450389367e+00
-5.026930825656324764e+00
-5.105849779485910567e+00
-5.185289536924187814e+00
-5.265248913649407392e+00
-5.345726681919301448e+00
-5.426721570462262001e+00
-5.508232264373416953e+00
-5.590257405016009429e+00
-5.672795589927802418e+00
-5.755845372732762755e+00
-5.839405263058073281e+00
-5.923473726456484734e+00
-6.008049184334053550e+00
-6.093130013883375717e+00
-6.178714548022600894e+00
-6.264801075339696546e+00
-6.351387840042630017e+00
-6.438473041915330874e+00
-6.526054836279345572e+00
-6.614131333961249304e+00
-6.702700601266357694e+00
-6.791760659957947865e+00
-6.881309487242887712e+00
-6.971345015763158237e+00
-7.061865133593506094e+00
-7.152867684245355129e+00
-7.244350466677090594e+00
-7.336311235310318146e+00
-7.428747700052688252e+00
-7.521657526327106602e+00
-7.615005001008708696e+00
-7.708103084219378509e+00
-7.801662729864985657e+00
-7.895681472617840591e+00
-7.990156803595377610e+00
-8.085086170424967023e+00
-8.180466977315035138e+00
-8.276296585132524086e+00
-8.372572311487319396e+00
-8.469291430823048472e+00
-8.566451174514517319e+00
-8.664048730971993351e+00
-8.762081245752055381e+00
-8.860545821675101408e+00
-8.959439518949803727e+00
-9.058759355304228933e+00
-9.158502306123795123e+00
-9.258665304595897538e+00
-9.359245241861577469e+00
-9.460238967173930646e+00
-9.561643288063340407e+00
-9.663454970509658182e+00
-9.765670739121242505e+00
-9.868287277320927586e+00
-9.971301227538651446e+00
-1.007470919141155541e+01
-1.017850772999007525e+01
-1.028269336395205791e+01
-1.038726257382270646e+01
-1.049221180020226463e+01
-1.059753744399991326e+01
-1.070323586667528026e+01
-1.080930339048604338e+01
-1.091573629874302043e+01
-1.101994146928091922e+01
-1.111981309815797836e+01
-1.122000943197522993e+01
-1.132052713732089089e+01
-1.142136284770259280e+01
-1.152251316377452639e+01
-1.162397465357016735e+01
-1.172574385274054443e+01
-1.182781726479797157e+01
-1.193019136136493508e+01
-1.203286258242892615e+01
-1.213582733660238766e+01
-1.223908200138792424e+01
-1.234262292344941514e+01
-1.244644641888751302e+01
-1.255054877352153930e+01
-1.265492624317607095e+01
-1.275957505397245484e+01
-1.286449140262655177e+01
-1.296967145675050759e+01
-1.307511135516050871e+01
-1.318080720818943163e+01
-1.328675509800411270e+01
-1.339295107892836434e+01
-1.349939117777061171e+01
-1.360607139415616729e+01
-1.371298770086507268e+01
-1.382013604417443453e+01
-1.392751234420529372e+01
-1.403511249527481120e+01
-1.414293236625282368e+01
-1.425096780092305515e+01
-1.435921461834900370e+01
-1.446766861324418585e+01
-1.457632555634738658e+01
-1.468518119480157580e+01
-1.479423125253783056e+01
-1.490347143066322388e+01
-1.501289740785285609e+01
-1.512250484074664136e+01
-1.523228936434942682e+01
-1.534224659243578337e+01
-1.545237211795830490e+01
-1.556266151346016535e+01
-1.567311033149143817e+01
-1.578371410502888494e+01
-1.589446834789977991e+01
-1.600536855520926949e+01
-1.611641020377115296e+01
-1.622758875254223909e+01
-1.633889964305986808e+01
-1.645033829988308582e+01
-1.656190013103684677e+01
-1.667358052845926863e+01
-1.678537486845200277e+01
-1.689727851213371679e+01
-1.700928680589635178e+01
-1.712139508186402281e+01
-1.723359865835502802e+01
-1.734589284034616341e+01
-1.745210060117162243e+01
-1.755317997403433594e+01
-1.765432558005117514e+01
-1.775553355780307285e+01
-1.785680003559209794e+01
-1.795812113178938674e+01
-1.805949295518412967e+01
-1.816091160533548532e+01
-1.826237317292500606e+01
-1.836387374011137652e+01
-1.846540938088610773e+01
-1.856697616143150142e+01
-1.866857014047896968e+01
-1.877018736966964951e+01
-1.887182389391564996e+01
-1.897347575176292622e+01
-1.907513897575475426e+01
-1.917680959279708119e+01
-1.927848362452411379e+01
-1.938015708766534217e+01
-1.948182599441324925e+01
-1.958348635279181238e+01
-1.968513416702587193e+01
-1.978676543791119613e+01
-1.988837616318473067e+01
-1.998996233789643995e+01
-2.009151995478008956e+01
-2.019304500462589758e+01
-2.029453347665272034e+01
-2.039598135888073216e+01
-2.049738463850399839e+01
-2.059873930226421024e+01
-2.070004133682280667e+01
-2.080128672913487975e+01
-2.090247146682164470e+01
-2.100359153854356364e+01
-2.110464293437283345e+01
-2.120562164616612932e+01
-2.130652366793614050e+01
-2.140734499622382714e+01
-2.150808163046886179e+01
-2.160872957338102651e+01
-2.170928483130966669e+01
-2.180974341461316612e+01
-2.191010133802763349e+01
-2.201035462103479290e+01
-2.211049928822839306e+01
-2.221053136968049913e+01
-2.231044690130651631e+01
-2.241024192522871772e+01
-2.250991249013915052e+01
-2.260945465166099666e+01
-2.270886447270896014e+01
-2.279933146670313704e+01
-2.288806200509419853e+01
-2.297666236957419628e+01
-2.306512935729979574e+01
-2.315345977138156996e+01
-2.324165042114793778e+01
-2.332969812240758500e+01
-2.341759969771175065e+01
-2.350535197661413989e+01
-2.359295179593116742e+01
-2.368039599999999822e+01
