9.757931277551239440e-05
5.660429622459225898e-04
1.271972599248297588e-03
2.127589955013030072e-03
3.058604791344410930e-03
4.036647735938096032e-03
5.079270325031257430e-03
6.249944962529521697e-03
7.658064939554954688e-03
9.458944416675168707e-03
1.185381849143272298e-02
1.508984291401078461e-02
1.920921965431073367e-02
2.349832377594968796e-02
2.795406468898185490e-02
3.257337874414074214e-02
3.735337408341758009e-02
4.229134101826497599e-02
4.738452864942624410e-02
5.260679387322046707e-02
5.793222794855151792e-02
6.333510739592063121e-02
6.878992097364750036e-02
7.427137266338093569e-02
7.977833708754998587e-02
8.530968007198987124e-02
9.086427652346397432e-02
9.644101128266691081e-02
1.020390402320087153e-01
1.076533391480520713e-01
1.132784872498013434e-01
1.189091206231301240e-01
1.245413261699129526e-01
1.301705637637076418e-01
1.357961918040622162e-01
1.414176587534288487e-01
1.470344210000796015e-01
1.526459380599643478e-01
1.582516737318190037e-01
1.638497684867910309e-01
1.694383842455000899e-01
1.750157042358708726e-01
1.805799344148049101e-01
1.861293009802549858e-01
1.916646288039300372e-01
1.971865770439278631e-01
2.026948824954984962e-01
2.081895131354861705e-01
2.136703714016684186e-01
2.191365374013519995e-01
2.245871023308832204e-01
2.300214679863396838e-01
2.354393958467468351e-01
2.408406394830810704e-01
2.462260238381348831e-01
2.515954120937751171e-01
2.569486978201018790e-01
2.622857979204024637e-01
2.676066329587690196e-01
2.729111699701882165e-01
2.781994604014058070e-01
2.834713130375741130e-01
2.887265409999441035e-01
2.939649620835126376e-01
2.991865693398590986e-01
3.043914471096589303e-01
3.095795663730379066e-01
3.147508999938369301e-01
3.199054229861753029e-01
3.250429347166300387e-01
3.301639189800910645e-01
3.352708046138553888e-01
3.403633981284004961e-01
3.454415097660921696e-01
3.505050884178316783e-01
3.555541223015145635e-01
3.605885343269912835e-01
3.656082884015707246e-01
3.706133891812278258e-01
3.756035442280876158e-01
3.805785024393807392e-01
3.855380537275671649e-01
3.904819741082657947e-01
3.954100715669385258e-01
4.003224646710076828e-01
4.052192311681460102e-01
4.101008261887871265e-01
4.149689198951091451e-01
4.198235153970189537e-01
4.246644310404111833e-01
4.294914898271553483e-01
4.343048607229366698e-01
4.391046270732603118e-01
4.438906726564623706e-01
4.486630462891958437e-01
4.534217694031620338e-01
4.581668659002169908e-01
4.628983623478510889e-01
4.676162970956593279e-01
4.723207082799858458e-01
4.770115636466532583e-01
4.816887887889174102e-01
4.863523853061589852e-01
4.910022686444517892e-01
4.956382933667777824e-01
5.002603203803290821e-01
5.048682170253622203e-01
5.094618576794091025e-01
5.140411228331897009e-01
5.186064794703257874e-01
5.231578776012850707e-01
5.276952303263831023e-01
5.322184431755333511e-01
5.367274095233560693e-01
5.412220059687450346e-01
5.457020916773444030e-01
5.501675079905891108e-01
5.546189707201953922e-01
5.590585580481280958e-01
5.634860992493830878e-01
5.679014154776568235e-01
5.723043940476937319e-01
5.766952666919858972e-01
5.810738269837980585e-01
5.854398575850643383e-01
5.897931977757956412e-01
5.941343506856173740e-01
5.984631358510743571e-01
6.027797842227390346e-01
6.070841447657611134e-01
6.113760390958801194e-01
6.156552831421487904e-01
6.199218533581289936e-01
6.241760212653504336e-01
6.284181321167928713e-01
6.326479564368679975e-01
6.368652586545702210e-01
6.410697972634142872e-01
6.452613250524571464e-01
6.494395881644403623e-01
6.536043222217348125e-01
6.577554231579698651e-01
6.618929109120914589e-01
6.660165584075824485e-01
6.701262826721264831e-01
6.742233053660124931e-01
6.783073546122928565e-01
6.823781437841759390e-01
6.864361069713535990e-01
6.904815558575819745e-01
6.945142851890049318e-01
6.985340832076181172e-01
7.025407315091020122e-01
7.065340053804687326e-01
7.105136740310837862e-01
7.144795001839352455e-01
7.184312409286370826e-01
7.223686466907170978e-01
7.262914619246816361e-01
7.301994242787838152e-01
7.340922626757663272e-01
7.379696938830787589e-01
7.418315832861790415e-01
7.456784702140091259e-01
7.495101004183508664e-01
7.533262746341403693e-01
7.571266578444343365e-01
7.609108972791637227e-01
7.646786226106135897e-01
7.684294462732993436e-01
7.721629649567219866e-01
7.758790062121005970e-01
7.795776014939221898e-01
7.832583345544750220e-01
7.869207818422087053e-01
7.905647470597991777e-01
7.941899433849747281e-01
7.977959381852568477e-01
8.013823436108266085e-01
8.049492084783370638e-01
8.084960951439168486e-01
8.120225569360791651e-01
8.155281353301492286e-01
8.190126256409394623e-01
8.224759779855431718e-01
8.259177022070893770e-01
8.293372932389250218e-01
8.327342304826332864e-01
8.361079784122441572e-01
8.394579863076709891e-01
8.427836901739674813e-01
8.460845144651044647e-01
8.493598735767251551e-01
8.526091740319657886e-01
8.558318157431887840e-01
8.590271923674012156e-01
8.621946911285454096e-01
8.653336931373752927e-01
8.684435730893511618e-01
8.715236994068066290e-01
8.745734344344289202e-01
8.775921337106515896e-01
8.805791464830110549e-01
8.835338154238117081e-01
8.864554763457920261e-01
8.893434584509167795e-01
8.921970844903154285e-01
8.950156702311550250e-01
8.977985248120581296e-01
9.005449522358581760e-01
9.032542585312708372e-01
9.059257604784041185e-01
9.085587942098727332e-01
9.111527242561839879e-01
9.137069503697623496e-01
9.162209093908936230e-01
9.186940750344740891e-01
9.211259577478433380e-01
9.235161050484314016e-01
9.258641007951518009e-01
9.281695619363277139e-01
9.304321346356362321e-01
9.326514906113040349e-01
9.348273233686767991e-01
9.369593450370000687e-01
9.390472857652084615e-01
9.410908935797586139e-01
9.430899345445673543e-01
9.450441926543861060e-01
9.469534711320763964e-01
9.488175985595693751e-01
9.506364362527878198e-01
9.524098856010262404e-01
9.541378955484985935e-01
9.558204686364432101e-01
9.574576623181687562e-01
9.590495889235128857e-01
9.605964156766129136e-01
9.620983646425931290e-01
9.635557116435402580e-01
9.649687806606705998e-01
9.663379370529564527e-01
9.676635807810828327e-01
9.689461397291445621e-01
9.701860640232908839e-01
9.713838249317066076e-01
9.725399148592810405e-01
9.736548473369452950e-01
9.747291570536602556e-01
9.757634004357473856e-01
9.767581587159227530e-01
9.777140416349748842e-01
9.786316910752020926e-01
9.795117847600646188e-01
9.803550393251019290e-01
9.811622109135423875e-01
9.819340951790750394e-01
9.826715272987519567e-01
9.833753819401114260e-01
9.840465718288440300e-01
9.846862229876042205e-01
9.853045560863572527e-01
9.859021159594686390e-01
9.864794412517008393e-01
9.870370600465722122e-01
9.875754890240169281e-01
9.880952334141802629e-01
9.885967870773880728e-01
9.890806324206231626e-01
9.895472406569806312e-01
9.899970729145717296e-01
9.904305815231366772e-01
9.908482113450851614e-01
9.912504010585545533e-01
9.916375842858623502e-01
9.920101897836545168e-01
9.923686414784471665e-01
9.927133584470788641e-01
9.930447549202646718e-01
9.933632401262122436e-01
9.936692176402068810e-01
9.939630846257945240e-01
9.942452309728930793e-01
9.945160385514147938e-01
9.947758804950991296e-01
9.950251211357604708e-01
9.952641159446441455e-01
9.954932115590827690e-01
9.957127457736106857e-01
9.959230475595122201e-01
9.961244372016573312e-01
9.963172264228979946e-01
9.965017185333437943e-01
9.966782085654204426e-01
9.968469834035978971e-01
9.970083217612875082e-01
9.971624942590344709e-01
9.973097633676507590e-01
9.974503834224318632e-01
9.975846007422218831e-01
9.977126542034132628e-01
9.978347760040955361e-01
9.979511923038076882e-01
9.980621239628071351e-01
9.981677871445034933e-01
9.982683934060897490e-01
9.983641497376386509e-01
9.984552585230065391e-01
9.985419178259447026e-01
9.986243213758827508e-01
9.987026611322690206e-01
9.987771187296607955e-01
9.988478696752104424e-01
9.989150856571044068e-01
9.989789280546320649e-01
9.990395511316157995e-01
9.990971020666216118e-01
9.991517218255098198e-01
9.992035437912992757e-01
9.992526942208793672e-01
9.992992926395236619e-01
9.993434526778994798e-01
9.993852922281349915e-01
9.994249183243405499e-01
9.994624319052091144e-01
9.994979299642945403e-01
9.995315055322405717e-01
9.995632476767811747e-01
9.995932415205112109e-01
9.996215683652828199e-01
9.996483079491091939e-01
9.996735403476504356e-01
9.996973409983628267e-01
9.997197842902196818e-01
9.997409440612964326e-01
9.997608937587089128e-01
9.997797064208422402e-01
9.997974546595800316e-01
9.998142106780752991e-01
9.998300458087071574e-01
9.998450343160526499e-01
9.998592543387442300e-01
9.998727639876139328e-01
9.998856087739279586e-01
9.998978188726688199e-01
9.999094085538664523e-01
9.999203761648275401e-01
9.999307042012188784e-01
9.999403592537547958e-01
9.999492933232434488e-01
9.999574503958187366e-01
9.999647743332181760e-01
9.999712167452902145e-01
9.999767448802724390e-01
9.999813482177939417e-01
9.999850397128383639e-01
9.999878558668274797e-01
9.999898566920791820e-01
9.999911264226434282e-01
9.999917715772747018e-01
9.999920190192393976e-01
9.999924167674477671e-01
9.999930066723614619e-01
9.999936985289090696e-01
9.999944165975291899e-01
9.999951007237367628e-01
9.999957063914357569e-01
9.999962046340645783e-01
9.999965821412216682e-01
9.999968405300586616e-01
9.999969930398935336e-01
9.999971246156121873e-01
9.999972634596275833e-01
9.999974326918762424e-01
9.999976140971890137e-01
9.999977873634311454e-01
9.999979374386531727e-01
9.999980544777783420e-01
9.999981544568428138e-01
9.999982434179512936e-01
9.999983224628995471e-01
9.999984103222124832e-01
9.999985097681500790e-01
9.999986145453566566e-01
9.999987193225632343e-01
9.999988198702963738e-01
9.999989130431073958e-01
9.999989967618013731e-01
9.999990700845208247e-01
9.999991331001202299e-01
9.999991867149153890e-01
9.999992369532401115e-01
9.999992857876640606e-01
9.999993327916856245e-01
9.999993775921159900e-01
9.999994199223917191e-01
9.999994595870329572e-01
9.999994965149561210e-01
9.999995307239321063e-01
9.999995622850444965e-01
9.999995913760022503e-01
9.999996194362480439e-01
9.999996467501162112e-01
9.999996729799596196e-01
9.999996978414440463e-01
9.999997211390895258e-01
9.999997426951870994e-01
9.999997624741950863e-01
9.999997804761133757e-01
9.999997967897964468e-01
9.999998115396406817e-01
9.999998252410019495e-01
9.999998381071311115e-01
9.999998501380281679e-01
9.999998613870056952e-01
9.999998718718347002e-01
9.999998816458278705e-01
9.999998907267561021e-01
9.999998991501610757e-01
9.999999069693555898e-01
9.999999142198814361e-01
9.999999210439057817e-01
9.999999274591994114e-01
9.999999334835333320e-01
9.999999391169075436e-01
9.999999443770929419e-01
9.999999492640895271e-01
9.999999537956681950e-01
9.999999579895998414e-01
9.999999618636553622e-01
9.999999654356055423e-01
9.999999687765340761e-01
9.999999719042118596e-01
9.999999748364097885e-01
9.999999775908987587e-01
9.999999801676787703e-01
9.999999825667498232e-01
9.999999848236537092e-01
9.999999869206195324e-01
9.999999888576472928e-01
9.999999906702787822e-01
9.999999923407431046e-01
9.999999938868111560e-01
9.999999952907120404e-01
9.999999965346747510e-01
9.999999976186993988e-01
9.999999985250150880e-01
9.999999992358509227e-01
9.999999997334360069e-01
9.999999999999994449e-01
9.999999999999994449e-01
