5.000000000000000000e+00
5.310164420964769150e+00
5.539112590957866900e+00
5.729594190192330849e+00
5.868345714689474413e+00
5.968987622850404406e+00
6.045720138314710113e+00
6.111305415136919272e+00
6.165251008422480083e+00
6.218436958471106557e+00
6.270247829907192205e+00
6.321233745115820035e+00
6.371106982038609701e+00
6.420237294731298228e+00
6.468344485445912007e+00
6.515898647074984673e+00
6.562388697053954445e+00
6.608594705067076802e+00
6.653597481544577086e+00
6.698600258022076481e+00
6.742274182341250643e+00
6.785905447928761269e+00
6.828806660998525402e+00
6.871359502093174143e+00
6.913642821408268802e+00
6.955371292567384067e+00
6.997099763726499333e+00
7.038271667387562935e+00
7.079401998794536688e+00
7.120336846213279891e+00
7.161075584404003713e+00
7.201805505563905641e+00
7.242346266442714509e+00
7.282887027321522488e+00
7.323319251646844386e+00
7.363672194775898738e+00
7.404007397716487304e+00
7.444182491332513862e+00
7.484357584948539532e+00
7.524429976264363162e+00
7.564436883006121271e+00
7.604426148961796805e+00
7.644274237819797868e+00
7.684122326677798931e+00
7.723879235123774833e+00
7.763575746919832987e+00
7.803262775868407886e+00
7.842844249093355202e+00
7.882425722318302519e+00
7.921964750411673251e+00
7.961469883112645363e+00
8.000974065969046478e+00
8.040440713411383555e+00
8.079907360853720633e+00
8.119368600236764877e+00
8.158824230961952750e+00
8.198279861687142400e+00
8.237755388031514414e+00
8.277231821299704251e+00
8.316718975030982008e+00
8.356220737434778556e+00
8.395722499838575104e+00
8.435250335749783446e+00
8.474781337928362746e+00
8.514324328384603291e+00
8.553888442453118302e+00
8.593452556521633312e+00
8.633047531870937874e+00
8.672648627234405438e+00
8.712262356158166909e+00
8.751904293493520726e+00
8.791546230828874542e+00
8.831230737325899582e+00
8.870926782489274132e+00
8.910640845306387448e+00
8.950404219962431185e+00
8.990167594618476699e+00
9.029991588585524198e+00
9.069835496162260924e+00
9.109702174466608682e+00
9.149639814549066941e+00
9.189577454631525200e+00
9.229594148954607391e+00
9.269638759380192994e+00
9.309707928844114022e+00
9.349854100724261485e+00
9.390000272604408948e+00
9.430219488790482885e+00
9.470462934140545741e+00
9.510732896696577399e+00
9.551076015678633624e+00
9.591419134660689849e+00
9.631841302238088431e+00
9.672284825521522578e+00
9.712760332769724059e+00
9.753305483078275273e+00
9.793850633386824711e+00
9.834488234605302637e+00
9.875142364435074427e+00
9.915841708333182680e+00
9.956612201868304979e+00
9.997382695403429054e+00
1.003826691959335626e+01
1.007915894569378956e+01
1.012011180570958224e+01
1.016112789672219385e+01
1.020215061042657467e+01
1.024329339849251852e+01
1.028443618655846059e+01
1.032565430149555752e+01
1.036691824991062028e+01
1.040820657414870176e+01
1.044959345318259913e+01
1.049098033221650006e+01
1.053246457088980570e+01
1.057397594046407541e+01
1.061553427783054282e+01
1.065717153739959322e+01
1.069880879696864362e+01
1.074056969457755528e+01
1.078233423353053233e+01
1.082417281522135610e+01
1.086606567443674720e+01
1.090798298370021158e+01
1.095000454532065781e+01
1.099202610694110405e+01
1.103415383021597052e+01
1.107630641632917623e+01
1.111851739665409866e+01
1.116080333054953577e+01
1.120309917599890603e+01
1.124552077950826678e+01
1.128794238301762931e+01
1.133046176002816985e+01
1.137301996314697483e+01
1.141562823751326938e+01
1.145832323095031491e+01
1.150102151342507462e+01
1.154385441894264908e+01
1.158668732446022354e+01
1.162961604975382279e+01
1.167258798668870767e+01
1.171561066975379539e+01
1.175872275258910982e+01
1.180184091090756660e+01
1.184509574590967595e+01
1.188835058091178531e+01
1.193170741924791578e+01
1.197510185492462931e+01
1.201854735349380832e+01
1.206206158861843925e+01
1.210559147202472730e+01
1.214922782776125487e+01
1.219286418349778245e+01
1.223660463232087103e+01
1.228036543123139701e+01
1.232419547487728551e+01
1.236808187173336648e+01
1.241200274561905026e+01
1.245601556615891248e+01
1.250002846914460797e+01
1.254416911975040883e+01
1.258830977035621324e+01
1.263254517793018472e+01
1.267681472160117373e+01
1.272114599309161243e+01
1.276554514347943936e+01
1.280997407746268557e+01
1.285450620524938969e+01
1.289903833303609026e+01
1.294370355402691075e+01
1.298837171258908363e+01
1.303314251002415070e+01
1.307794943091466422e+01
1.312282829924818905e+01
1.316777688359226417e+01
1.321276632631801284e+01
1.325785922963126673e+01
1.330296157057331286e+01
1.334819863070153190e+01
1.339343569082975094e+01
1.343879616380162823e+01
1.348417758485817508e+01
1.352965087215139484e+01
1.357517333382275204e+01
1.362075319382226546e+01
1.366640190882822914e+01
1.371208413059778408e+01
1.375785977187104692e+01
1.380364568639448208e+01
1.384955068424866909e+01
1.389545568210285786e+01
1.394147941251000233e+01
1.398751618812012687e+01
1.403364837904707763e+01
1.407981607047035588e+01
1.412605741074319177e+01
1.417235596071474113e+01
1.421870798995063190e+01
1.426513926987871628e+01
1.431160369724998382e+01
1.435816799403890620e+01
1.440474586552490521e+01
1.445144373318819397e+01
1.449814160085148096e+01
1.454496823518164916e+01
1.459180020632494390e+01
1.463874322046036980e+01
1.468570980379857183e+01
1.473277031538662030e+01
1.477987190413272600e+01
1.482705103238993516e+01
1.487428802199717559e+01
1.492158721542645239e+01
1.496896071233733672e+01
1.501638180989406024e+01
1.506389336117992350e+01
1.511143824152306081e+01
1.515908863782142291e+01
1.520675890850675493e+01
1.525454983272030773e+01
1.530234775423292071e+01
1.535028154137431500e+01
1.539821532851571106e+01
1.544628887725505528e+01
1.549436783083336522e+01
1.554257694981084548e+01
1.559080334014487335e+01
1.563915085608009825e+01
1.568752691310285208e+01
1.573601567885490482e+01
1.578454360085976305e+01
1.583317227640104186e+01
1.588184804039603648e+01
1.593061741666134523e+01
1.597944246246663980e+01
1.602835501053380796e+01
1.607733119459659932e+01
1.612638961734308296e+01
1.617551890434180706e+01
1.622472606960876007e+01
1.627401058518948318e+01
1.632336957871929783e+01
1.637281166432638457e+01
1.642232582853393907e+01
1.647192805417789430e+01
1.652160100921518548e+01
1.657136618375514914e+01
1.662119759678643049e+01
1.667111876556186445e+01
1.672109621381846978e+01
1.677115091616074949e+01
1.682126331318166379e+01
1.687145420065645851e+01
1.692170501829342655e+01
1.697203487254015286e+01
1.702242739535345706e+01
1.707289827970762985e+01
1.712343359438983725e+01
1.717404363030401981e+01
1.722472299143200658e+01
1.727547534092865789e+01
1.732630295898725592e+01
1.737720095822660582e+01
1.742818086866292759e+01
1.747922724052592969e+01
1.753035860202786012e+01
1.758154828063131347e+01
1.763283149464836441e+01
1.768416742695461963e+01
1.773560318137126757e+01
1.778708345103625277e+01
1.783867381008317565e+01
1.789030104251436271e+01
1.794205005958466614e+01
1.799382724819407287e+01
1.804573925245412980e+01
1.809766950457797918e+01
1.814974709258685692e+01
1.820183694305380584e+01
1.825407329739351425e+01
1.830632758521623416e+01
1.835871240730230625e+01
1.841112946393210237e+01
1.846366645020066244e+01
1.851625154805331164e+01
1.856894452824558783e+01
1.862170319286130749e+01
1.867455613176756302e+01
1.872749415050565958e+01
1.878051114893833784e+01
1.883363458874039864e+01
1.888681989954212526e+01
1.894013516646377226e+01
1.899349324867625199e+01
1.904700520088023907e+01
1.910054029452494717e+01
1.915424975191267265e+01
1.920798592291142270e+01
1.926187564613951153e+01
1.931581878046395317e+01
1.936989107532310328e+01
1.942403766131079124e+01
1.947827759084641386e+01
1.953262081598928646e+01
1.958703304483902841e+01
1.964158027636007731e+01
1.969616974607692939e+01
1.975091965020272866e+01
1.980569923639613350e+01
1.986063064907044051e+01
1.991561114574741254e+01
1.997071581654459749e+01
2.002590354942529416e+01
2.008118548677469661e+01
2.013658710927626672e+01
2.019205048052847573e+01
2.024767298704430374e+01
2.030333347566952185e+01
2.035917285370112495e+01
2.041506463110077618e+01
2.047109891340597443e+01
2.052722990806167402e+01
2.058346391645915574e+01
2.063984245379200999e+01
2.069628119433594549e+01
2.075291602152842785e+01
2.080960103266064110e+01
2.086646499451251202e+01
2.092341959103752558e+01
2.098050447347047509e+01
2.103773871931054273e+01
2.109505043171517258e+01
2.115257287055629121e+01
2.121015467684311062e+01
2.126792144420363684e+01
2.132579049647159408e+01
2.138378727861680773e+01
2.144195329149633267e+01
2.150018573651129827e+01
2.155865937191214243e+01
2.161720609767356649e+01
2.167592918485003040e+01
2.173480415443531300e+01
2.179378462744572786e+01
2.185300286643247247e+01
2.191230588767714949e+01
2.197182674214854003e+01
2.203149503184107871e+01
2.209129582708267137e+01
2.215133764094187896e+01
2.221147593425349243e+01
2.227185038101895387e+01
2.233238571907750725e+01
2.239306160183122785e+01
2.245401003931588590e+01
2.251507129551895758e+01
2.257637065761942807e+01
2.263787060842327747e+01
2.269949638287110716e+01
2.276145601384123651e+01
2.282354668995294844e+01
2.288584852376963497e+01
2.294842156940040212e+01
2.301113846592192758e+01
2.307415409896128722e+01
2.313739115917273992e+01
2.320078692213088445e+01
2.326456159285792680e+01
2.332850920902103908e+01
2.339267311731309462e+01
2.345719419489149971e+01
2.352190216469169570e+01
2.358688719364790032e+01
2.365221815255696214e+01
2.371775778342654206e+01
2.378362584080920072e+01
2.384984463970400981e+01
2.391629771363048107e+01
2.398311731969170424e+01
2.405031331946186768e+01
2.411777369081437428e+01
2.418562036491914924e+01
2.425389583261096504e+01
2.432247098393977325e+01
2.439142752398836578e+01
2.446089930119164890e+01
2.453071217089427236e+01
2.460087706518177342e+01
2.467167097407292076e+01
2.474286253970807792e+01
2.481445771223770791e+01
2.488660482547875930e+01
2.495933741489454505e+01
2.503253457967344886e+01
2.510621504095469447e+01
2.518061118156666822e+01
2.525560947003300427e+01
2.533116819661651320e+01
2.540731272955250830e+01
2.548425995918661258e+01
2.556194408923198580e+01
2.564031272941434025e+01
2.571940041452770487e+01
2.579925446933430422e+01
2.588015777765916070e+01
2.596190772852822093e+01
2.604455119018156850e+01
2.612813887947600477e+01
2.621272565848425984e+01
2.629839574914003464e+01
2.638537259350514219e+01
2.647353362446454739e+01
2.656295042917660609e+01
2.665370016236164830e+01
2.674586597964516343e+01
2.683953752460190145e+01
2.693481151155311437e+01
2.703179243490294326e+01
2.713059340110001472e+01
2.723133709241747269e+01
2.733415688488052808e+01
2.743919808305470198e+01
2.754661923036341520e+01
2.765659356973558403e+01
2.776931069611890379e+01
2.788497838483162283e+01
2.800391955420672474e+01
2.812676562816938386e+01
2.825343995465167879e+01
2.838425547854134479e+01
2.852010868205437433e+01
2.866144263244613910e+01
2.880849883929821331e+01
2.896289379995803870e+01
2.912479773462012389e+01
2.929553620203240527e+01
2.947723136406603928e+01
2.967116291703274555e+01
2.987990367801306846e+01
3.010694558728071968e+01
3.035789654277329674e+01
3.063907166984708397e+01
3.096220150001307303e+01
3.133357587955917367e+01
3.176037090479105274e+01
3.226536710343926728e+01
3.289060967595329998e+01
3.372839830529678551e+01
3.505332673937047616e+01
4.999999999999984368e+01
