5.000000000000000000e+00
5.099999999999999645e+00
5.200000000000000178e+00
5.299999999999999822e+00
5.400000000000000355e+00
5.500000000000000000e+00
5.599999999999999645e+00
5.700000000000000178e+00
5.799999999999999822e+00
5.900000000000000355e+00
6.000000000000000000e+00
6.099999999999999645e+00
6.200000000000000178e+00
6.299999999999999822e+00
6.400000000000000355e+00
6.500000000000000000e+00
6.599999999999999645e+00
6.700000000000000178e+00
6.799999999999999822e+00
6.900000000000000355e+00
7.000000000000000000e+00
7.099999999999999645e+00
7.200000000000000178e+00
7.300000000000000711e+00
7.400000000000000355e+00
7.500000000000000000e+00
7.599999999999999645e+00
7.700000000000000178e+00
7.800000000000000711e+00
7.900000000000000355e+00
8.000000000000000000e+00
8.099999999999999645e+00
8.199999999999999289e+00
8.300000000000000711e+00
8.400000000000000355e+00
8.500000000000000000e+00
8.599999999999999645e+00
8.699999999999999289e+00
8.800000000000000711e+00
8.900000000000000355e+00
9.000000000000000000e+00
9.100000000000001421e+00
9.199999999999999289e+00
9.300000000000000711e+00
9.400000000000000355e+00
9.500000000000000000e+00
9.600000000000001421e+00
9.699999999999999289e+00
9.800000000000000711e+00
9.900000000000000355e+00
1.000000000000000000e+01
1.010000000000000142e+01
1.019999999999999929e+01
1.030000000000000071e+01
1.040000000000000036e+01
1.050000000000000000e+01
1.060000000000000142e+01
1.069999999999999929e+01
1.080000000000000071e+01
1.090000000000000036e+01
1.100000000000000000e+01
1.110000000000000142e+01
1.119999999999999929e+01
1.130000000000000071e+01
1.140000000000000036e+01
1.150000000000000000e+01
1.160000000000000142e+01
1.169999999999999929e+01
1.180000000000000071e+01
1.190000000000000036e+01
1.200000000000000000e+01
1.210000000000000142e+01
1.219999999999999929e+01
1.230000000000000071e+01
1.240000000000000036e+01
1.250000000000000000e+01
1.260000000000000142e+01
1.269999999999999929e+01
1.280000000000000071e+01
1.290000000000000036e+01
1.300000000000000000e+01
1.309999999999999964e+01
1.320000000000000107e+01
1.330000000000000071e+01
1.340000000000000036e+01
1.350000000000000000e+01
1.359999999999999964e+01
1.370000000000000107e+01
1.380000000000000071e+01
1.390000000000000036e+01
1.400000000000000000e+01
1.409999999999999964e+01
1.420000000000000107e+01
1.430000000000000071e+01
1.440000000000000036e+01
1.450000000000000000e+01
1.460000000000000142e+01
1.470000000000000107e+01
1.480000000000000071e+01
1.490000000000000036e+01
1.500000000000000000e+01
1.510000000000000142e+01
1.520000000000000107e+01
1.530000000000000071e+01
1.540000000000000036e+01
1.550000000000000000e+01
1.560000000000000142e+01
1.570000000000000107e+01
1.580000000000000071e+01
1.590000000000000036e+01
1.600000000000000000e+01
1.610000000000000142e+01
1.620000000000000284e+01
1.630000000000000071e+01
1.639999999999999858e+01
1.650000000000000000e+01
1.660000000000000142e+01
1.670000000000000284e+01
1.680000000000000071e+01
1.689999999999999858e+01
1.700000000000000000e+01
1.710000000000000142e+01
1.720000000000000284e+01
1.730000000000000071e+01
1.739999999999999858e+01
1.750000000000000000e+01
1.760000000000000142e+01
1.770000000000000284e+01
1.780000000000000071e+01
1.789999999999999858e+01
1.800000000000000000e+01
1.810000000000000142e+01
1.820000000000000284e+01
1.830000000000000071e+01
1.839999999999999858e+01
1.850000000000000000e+01
1.860000000000000142e+01
1.870000000000000284e+01
1.880000000000000071e+01
1.889999999999999858e+01
1.900000000000000000e+01
1.910000000000000142e+01
1.920000000000000284e+01
1.930000000000000071e+01
1.939999999999999858e+01
1.950000000000000000e+01
1.960000000000000142e+01
1.970000000000000284e+01
1.980000000000000071e+01
1.989999999999999858e+01
2.000000000000000000e+01
2.010000000000000142e+01
2.020000000000000284e+01
2.030000000000000071e+01
2.039999999999999858e+01
2.050000000000000000e+01
2.060000000000000142e+01
2.070000000000000284e+01
2.080000000000000071e+01
2.089999999999999858e+01
2.100000000000000000e+01
2.110000000000000142e+01
2.119999999999999929e+01
2.130000000000000071e+01
2.140000000000000213e+01
2.150000000000000000e+01
2.160000000000000142e+01
2.169999999999999929e+01
2.180000000000000071e+01
2.190000000000000213e+01
2.200000000000000000e+01
2.210000000000000142e+01
2.219999999999999929e+01
2.230000000000000071e+01
2.240000000000000213e+01
2.250000000000000000e+01
2.260000000000000142e+01
2.269999999999999929e+01
2.280000000000000071e+01
2.290000000000000213e+01
2.300000000000000000e+01
2.310000000000000142e+01
2.319999999999999929e+01
2.330000000000000071e+01
2.340000000000000213e+01
2.350000000000000000e+01
2.360000000000000142e+01
2.369999999999999929e+01
2.380000000000000071e+01
2.390000000000000213e+01
2.400000000000000000e+01
2.410000000000000142e+01
2.420000000000000284e+01
2.430000000000000071e+01
2.440000000000000213e+01
2.450000000000000000e+01
2.460000000000000142e+01
2.470000000000000284e+01
2.480000000000000071e+01
2.490000000000000213e+01
2.500000000000000000e+01
2.510000000000000142e+01
2.520000000000000284e+01
2.530000000000000071e+01
2.540000000000000213e+01
2.550000000000000000e+01
2.560000000000000142e+01
2.570000000000000284e+01
2.580000000000000071e+01
2.590000000000000213e+01
2.600000000000000000e+01
2.610000000000000142e+01
2.620000000000000284e+01
2.630000000000000071e+01
2.640000000000000213e+01
2.650000000000000000e+01
2.660000000000000142e+01
2.670000000000000284e+01
2.680000000000000071e+01
2.690000000000000213e+01
2.700000000000000000e+01
2.710000000000000142e+01
2.720000000000000284e+01
2.730000000000000071e+01
2.740000000000000213e+01
2.750000000000000000e+01
2.760000000000000142e+01
2.770000000000000284e+01
2.780000000000000071e+01
2.790000000000000213e+01
2.800000000000000000e+01
2.810000000000000142e+01
2.820000000000000284e+01
2.830000000000000071e+01
2.840000000000000213e+01
2.850000000000000000e+01
2.860000000000000142e+01
2.870000000000000284e+01
2.880000000000000071e+01
2.890000000000000213e+01
2.900000000000000000e+01
2.910000000000000142e+01
2.920000000000000284e+01
2.930000000000000071e+01
2.940000000000000213e+01
2.950000000000000000e+01
2.960000000000000142e+01
2.970000000000000284e+01
2.980000000000000071e+01
2.990000000000000213e+01
3.000000000000000000e+01
3.010000000000000142e+01
3.020000000000000284e+01
3.030000000000000071e+01
3.040000000000000213e+01
3.050000000000000000e+01
3.060000000000000142e+01
3.070000000000000284e+01
3.080000000000000071e+01
3.090000000000000213e+01
3.100000000000000000e+01
3.110000000000000142e+01
3.120000000000000284e+01
3.130000000000000071e+01
3.140000000000000213e+01
3.150000000000000000e+01
3.160000000000000142e+01
3.170000000000000284e+01
3.180000000000000071e+01
3.190000000000000213e+01
3.200000000000000000e+01
3.210000000000000142e+01
3.220000000000000284e+01
3.229999999999999716e+01
3.240000000000000568e+01
3.250000000000000000e+01
3.260000000000000142e+01
3.270000000000000284e+01
3.279999999999999716e+01
3.290000000000000568e+01
3.300000000000000000e+01
3.310000000000000142e+01
3.320000000000000284e+01
3.329999999999999716e+01
3.340000000000000568e+01
3.350000000000000000e+01
3.360000000000000142e+01
3.370000000000000284e+01
3.379999999999999716e+01
3.390000000000000568e+01
3.400000000000000000e+01
3.410000000000000142e+01
3.420000000000000284e+01
3.429999999999999716e+01
3.440000000000000568e+01
3.450000000000000000e+01
3.460000000000000142e+01
3.470000000000000284e+01
3.479999999999999716e+01
3.490000000000000568e+01
3.500000000000000000e+01
3.510000000000000142e+01
3.520000000000000284e+01
3.529999999999999716e+01
3.540000000000000568e+01
3.550000000000000000e+01
3.560000000000000142e+01
3.570000000000000284e+01
3.579999999999999716e+01
3.590000000000000568e+01
3.600000000000000000e+01
3.610000000000000142e+01
3.620000000000000284e+01
3.629999999999999716e+01
3.640000000000000568e+01
3.650000000000000000e+01
3.660000000000000142e+01
3.670000000000000284e+01
3.679999999999999716e+01
3.690000000000000568e+01
3.700000000000000000e+01
3.710000000000000142e+01
3.720000000000000284e+01
3.730000000000000426e+01
3.739999999999999858e+01
3.750000000000000000e+01
3.760000000000000142e+01
3.770000000000000284e+01
3.780000000000000426e+01
3.789999999999999858e+01
3.800000000000000000e+01
3.810000000000000142e+01
3.820000000000000284e+01
3.830000000000000426e+01
3.839999999999999858e+01
3.850000000000000000e+01
3.860000000000000142e+01
3.870000000000000284e+01
3.880000000000000426e+01
3.889999999999999858e+01
3.900000000000000000e+01
3.910000000000000142e+01
3.920000000000000284e+01
3.930000000000000426e+01
3.939999999999999858e+01
3.950000000000000000e+01
3.960000000000000142e+01
3.970000000000000284e+01
3.980000000000000426e+01
3.989999999999999858e+01
4.000000000000000000e+01
4.010000000000000142e+01
4.020000000000000284e+01
4.030000000000000426e+01
4.039999999999999858e+01
4.050000000000000000e+01
4.060000000000000142e+01
4.070000000000000284e+01
4.080000000000000426e+01
4.089999999999999858e+01
4.100000000000000000e+01
4.110000000000000142e+01
4.120000000000000284e+01
4.130000000000000426e+01
4.139999999999999858e+01
4.150000000000000000e+01
4.160000000000000142e+01
4.170000000000000284e+01
4.180000000000000426e+01
4.189999999999999858e+01
4.200000000000000000e+01
4.210000000000000142e+01
4.220000000000000284e+01
4.230000000000000426e+01
4.239999999999999858e+01
4.250000000000000000e+01
4.260000000000000142e+01
4.270000000000000284e+01
4.280000000000000426e+01
4.289999999999999858e+01
4.300000000000000000e+01
4.310000000000000142e+01
4.320000000000000284e+01
4.330000000000000426e+01
4.340000000000000568e+01
4.350000000000000000e+01
4.360000000000000142e+01
4.370000000000000284e+01
4.380000000000000426e+01
4.390000000000000568e+01
4.400000000000000000e+01
4.410000000000000142e+01
4.420000000000000284e+01
4.430000000000000426e+01
4.440000000000000568e+01
4.450000000000000000e+01
4.460000000000000142e+01
4.470000000000000284e+01
4.480000000000000426e+01
4.490000000000000568e+01
4.500000000000000000e+01
4.510000000000000142e+01
4.520000000000000284e+01
4.530000000000000426e+01
4.540000000000000568e+01
4.550000000000000000e+01
4.560000000000000142e+01
4.570000000000000284e+01
4.580000000000000426e+01
4.590000000000000568e+01
4.600000000000000000e+01
4.610000000000000142e+01
4.620000000000000284e+01
4.630000000000000426e+01
4.640000000000000568e+01
4.650000000000000000e+01
4.660000000000000142e+01
4.670000000000000284e+01
4.680000000000000426e+01
4.690000000000000568e+01
4.700000000000000000e+01
4.710000000000000142e+01
4.720000000000000284e+01
4.730000000000000426e+01
4.740000000000000568e+01
4.750000000000000000e+01
4.760000000000000142e+01
4.770000000000000284e+01
4.780000000000000426e+01
4.790000000000000568e+01
4.800000000000000000e+01
4.810000000000000142e+01
4.820000000000000284e+01
4.830000000000000426e+01
4.840000000000000568e+01
4.850000000000000000e+01
4.860000000000000142e+01
4.870000000000000284e+01
4.880000000000000426e+01
4.890000000000000568e+01
4.900000000000000000e+01
4.910000000000000142e+01
4.920000000000000284e+01
4.930000000000000426e+01
4.940000000000000568e+01
4.950000000000000000e+01
4.960000000000000142e+01
4.970000000000000284e+01
4.980000000000000426e+01
4.990000000000000568e+01
5.000000000000000000e+01
